1.34730225225 0 25245.7355677 2190.99821474 20
28.3429709493 0 25103.0474036 2144.8152139 20
46.4829147959 0 25007.16701206832 2113.782197035243 20
55.3386396476 0 24960.2802299 2098.87853152 20
82.3343083512 0 24817.351214 2053.4464045 20
102.894998655 0 24708.49229802107 2018.8439686659437 20
109.329977047 0 24674.4985795 2007.77685442 20
136.325645743 0 24531.8899945 1961.34870322 20
163.321314439 0 24389.2814095 1914.92055202 20
172.889785443 0 24338.73455601132 1898.4643410805274 20
190.316983137 0 24245.9028879 1870.96959597 20
217.312651835 0 24102.1016296 1828.37875359 20
233.678356725 0 24014.924350079316 1802.5587168495722 20
244.308320532 0 23958.7266024 1784.41076796 20
271.303989238 0 23816.007793 1738.32255689 20
297.884713099 0 23675.482684937528 1692.9427581635102 20
298.299657934 0 23673.2882394 1692.23665468 20
325.295326627 0 23530.5210098 1646.29865423 20
352.29099532 0 23387.7537802 1600.36065376 20
366.326217022 0 23313.528179716443 1576.477191995897 20
379.286664016 0 23244.8739608 1554.77567532 20
406.282332719 0 23101.8722148 1509.57299407 20
427.699708465 0 22988.419862125207 1473.7108407909914 20
433.278001425 0 22958.8634905 1464.39241786 20
460.273670126 0 22815.8279737 1419.29671206 20
487.269338827 0 22672.7924569 1374.20100626 20
494.291018219 0 22635.58835754336 1362.471436175909 20
514.265007527 0 22533.3865195 1319.24676465 20
541.260676233 0 22395.2565286 1260.82684193 20
563.940454567 0 22279.20985426538 1211.746713108931 20
568.256344936 0 22257.343896 1201.90880232 20
595.252013637 0 22120.5734698 1140.37318447 20
622.247682337 0 21983.8030436 1078.83756662 20
629.775564715 0 21945.66390014317 1061.6780401097117 20
649.243351041 0 21845.7377711 1020.30007307 20
676.239019746 0 21707.1718022 962.921906357 20
693.17178159 0 21620.257691031242 926.9320280018246 20
703.234688438 0 21569.08443 904.42268252 20
730.230357131 0 21431.802388 844.037066031 20
756.905235977 0 21296.151670100997 784.3690125507302 20
757.226025833 0 21294.3695125 784.374439032 20
784.221694535 0 21144.3942705 784.831097762 20
811.217363238 0 20994.4190285 785.287756491 20
814.750788077 0 20974.78898150552 785.347527905181 20
838.213031947 0 20844.4433131 785.532235249 20
865.208700639 0 20694.4675265 785.744759605 20
892.204369331 0 20544.4917399 785.957283961 20
896.672373295 0 20519.66952057967 785.9924584797504 20
919.20003803 0 20394.5179385 785.265569507 20
946.195706736 0 20244.5445308 784.394513668 20
967.318267639 0 20127.1989494589 783.7129624833665 20
973.191375439 0 20094.5706232 783.655609335 20
1000.18704413 0 19944.5949177 783.391986286 20
1027.18271283 0 19794.6192122 783.128363236 20
1034.49945794 0 19753.970691025228 783.0569124163977 20
1054.17838153 0 19645.2549468 771.508876605 20
1081.17405024 0 19496.1180186 755.667209891 20
1093.42974809 0 19428.41170801755 748.4752902299456 20
1108.16971895 0 19347.0124416 739.535321776 20
1135.16538765 0 19197.9329319 723.16212614 20
1143.99356769 0 19149.180638842503 717.8077294612967 20
1162.16105635 0 19048.6867503 708.42995273 20
1189.15672504 0 18899.3595774 694.495205964 20
1204.03028672 0 18817.086123008787 686.8177034055609 20
1216.15239374 0 18750.119791 679.685757362 20
1243.14806244 0 18600.987226 663.803068629 20
1270.14373114 0 18451.854661 647.920379895 20
1273.35440661 0 18434.117879826357 646.0314043121268 20
1297.13939985 0 18302.6769962 632.46784514 20
1324.13506856 0 18153.4932435 617.073375777 20
1337.99388921 0 18076.906480809146 609.1702861296859 20
1351.13073726 0 18004.3300562 601.482222697 20
1378.12640596 0 17855.1885646 585.683576584 20
1405.12207465 0 17706.047073 569.884930469 20
1406.01476478 0 17701.115276764078 569.3625023907025 20
1432.11774336 0 17556.8580242 554.542105077 20
1459.11341206 0 17407.667349 539.214868203 20
1473.24877201 0 17329.54874716372 531.189284073929 20
1486.10908076 0 17258.4648569 524.003584141 20
1513.10474947 0 17109.2493762 508.919749185 20
1538.64231227 0 16968.093409620862 494.65063117818005 20
1540.10041818 0 16960.040086 493.77684048 20
1567.09608687 0 16810.9392175 477.599302044 20
1594.09175557 0 16661.838349 461.421763605 20
1606.68438454 0 16592.28749113332 453.8754515779354 20
1621.08742426 0 16512.7168433 445.436597231 20
1648.08309295 0 16363.5772944 429.619622436 20
1672.40598508 0 16229.203695416889 415.36864848088527 20
1675.07876166 0 16214.4343896 413.834620177 20
1702.07443036 0 16065.2609458 398.340575485 20
1729.07009907 0 15916.087502 382.846530797 20
1734.92515793 0 15883.73344906389 379.4860456524999 20
1756.06576777 0 15766.8498724 367.987226095 20
1783.06143646 0 15617.5944661 353.30371764 20
1800.30256381 0 15522.270601483544 343.925908111597 20
1810.05710517 0 15468.4109461 337.934317515 20
1837.05277386 0 15319.3544851 321.352605576 20
1861.92505447 0 15182.02230168629 306.07515508191045 20
1864.04844257 0 15170.2787103 304.958084875 20
1891.04411127 0 15020.9767044 290.756226433 20
1918.03977997 0 14871.6746985 276.554367992 20
1927.04673227 0 14821.860928011525 271.81599818254534 20
1945.03544867 0 14722.4641241 261.436115286 20
1972.03111737 0 14573.2993294 245.859023875 20
1990.92839722 0 14468.882250506898 234.95488000010425 20
1999.02678608 0 14424.1171907 230.451111727 20
2026.02245477 0 14274.8945805 215.437972884 20
2053.01812346 0 14125.6719703 200.424834037 20
2061.9283784 0 14076.419198905282 195.4695615486032 20
2080.01379217 0 13976.40072 185.907488783 20
2107.00946087 0 13827.1055059 171.634409289 20
2134.00512957 0 13677.8102918 157.361329797 20
2137.19857948 0 13660.149429520076 155.6728973024145 20
2161.00079828 0 13528.5892398 142.335266232 20
2187.99646697 0 13379.3781379 127.208177758 20
2206.49294944 0 13277.143940226955 116.84362891827719 20
2214.99213567 0 13230.6707175 125.195328508 20
2241.98780437 0 13083.0594416 151.722540515 20
2268.98347308 0 12935.4481657 178.24975252 20
2271.89860342 0 12919.508345350017 181.11429651853223 20
2295.97914177 0 12787.9035758 205.145082704 20
2322.97481047 0 12640.3670587 232.084976361 20
2333.03757731 0 12585.3721042333 242.12695276874254 20
2349.97047918 0 12492.7537908 258.599003128 20
2376.96614788 0 12345.094912 284.859948686 20
2385.35539442 0 12299.20804210253 293.0208706937725 20
2403.96181657 0 12197.5801985 311.913568789 20
2430.95748528 0 12050.130486 339.324589249 20
2457.95315399 0 11902.6807735 366.735609704 20
2467.26888944 0 11851.798443846164 376.1946758240721 20
2484.94882268 0 11754.4447598 389.225112671 20
2511.94449138 0 11605.794436 409.121418348 20
2538.94016008 0 11457.1441122 429.017724024 20
2549.5691808 0 11398.615931646436 436.8515083084169 20
2565.93582879 0 11308.643146 449.981739563 20
2592.93149749 0 11160.2391774 471.639159779 20
2603.30552786 0 11103.20975931259 479.96178136862255 20
2619.92716618 0 11011.6951678 492.298915116 20
2646.92283489 0 10863.0637546 512.33599983 20
2673.43219019 0 10717.109861621035 532.0121265308385 20
2673.91850359 0 10714.43324 532.37968861 20
2700.9141723 0 10565.8517084 552.783370318 20
2726.23341303 0 10426.497073132796 571.9199857037862 20
2727.909841 0 10417.6613657 574.864700656 20
2754.90550969 0 10275.379183 622.283707633 20
2781.90117839 0 10133.0970003 669.702714618 20
2791.49915394 0 10082.510332981432 686.5619550740552 20
2808.89684709 0 9990.87336855 717.29684771 20
2835.89251579 0 9848.68203825 764.987594534 20
2862.88818449 0 9706.49070795 812.678341358 20
2866.69042898 0 9686.463561774375 819.3954144438229 20
2889.88385319 0 9564.43509224 860.771524043 20
2916.87952189 0 9422.40172508 908.930680581 20
2929.51951216 0 9355.898450059125 931.4799005014033 20
2943.87519058 0 9280.22900431 956.675111392 20
2970.87085928 0 9137.93358447 1004.05438153 20
2990.2909996 0 9035.56912558168 1038.1380741389187 20
2997.86652798 0 8993.48286962 1038.17098166 20
3024.86219668 0 8843.50697825 1038.28824881 20
3051.85786538 0 8693.53108688 1038.40551596 20
3061.96484881 0 8637.381196115564 1038.4494199336066 20
3078.85353408 0 8543.56317076 1039.67493682 20
3105.84920278 0 8393.60002741 1041.63386065 20
3119.27520607 0 8319.017483137823 1042.6081101901214 20
3132.84487148 0 8243.63300331 1043.22819232 20
3159.84054018 0 8093.66213955 1044.46179178 20
3186.83620888 0 7943.69127579 1045.69539124 20
3189.11240126 0 7931.046190379419 1045.799404584585 20
3213.83187758 0 7793.71604461 1046.07585917 20
3240.82754628 0 7643.74041127 1046.37776996 20
3245.78528209 0 7616.197490349597 1046.4332156667551 20
3267.82321498 0 7493.76452986 1046.43321567 20
3294.81888368 0 7343.78859264 1046.43321567 20
3302.74525509 0 7299.753195926827 1046.4332156667551 20
3321.81455238 0 7202.14869195 1005.24148194 20
3348.81022108 0 7063.97376014 946.927933218 20
3360.69242854 0 7003.1557369080065 921.2610867430484 20
3375.80588978 0 6925.96654843 888.219784503 20
3402.80155848 0 6788.0911983 829.201401166 20
3420.13970417 0 6699.539848290882 791.296456480657 20
3429.79722718 0 6650.07256737 770.520932476 20
3456.79289588 0 6511.79670449 712.447121769 20
3483.78856458 0 6373.52084161 654.373311061 20
3495.24909514 0 6314.818285658059 629.7191085735491 20
3510.78423328 0 6235.3984392 595.936429915 20
3537.77990198 0 6097.38924713 537.231705653 20
3564.77557068 0 5959.38005506 478.526981392 20
3577.62525647 0 5893.6889705327185 450.58408174911244 20
3591.77123938 0 5820.65870292 421.553433394 20
3618.76690808 0 5681.290451 366.152421654 20
3625.86419466 0 5644.64989077649 351.5872385576581 20
3645.76257678 0 5542.32479293 309.752828158 20
3672.75824548 0 5403.50273065 252.997063953 20
3699.75391418 0 5264.68066837 196.241299749 20
3719.12416954 0 5165.071400437029 155.5172244052681 20
3726.74958288 0 5125.83211429 139.550486776 20
3753.74525158 0 4986.9162651 83.0246644587 20
3780.74092028 0 4848.00041591 26.498842141 20
3793.39626847 0 4782.8778045506915 0.0 20
3807.73658897 0 4706.89629695 23.9556254536 20
3834.73225767 0 4563.86102758 69.052116009 20
3840.23036504 0 4534.729566660133 78.2367503872626 20
3861.72792637 0 4420.5330426 113.206635806 20
3881.65441761 0 4314.682150943516 145.62087593360542 20
3888.72359507 0 4292.54424725 178.060020452 20
3915.71926377 0 4208.00435321 301.938138215 20
3942.71493247 0 4123.46445916 425.816255976 20
3944.49214609 0 4117.8989200176575 433.9715597082463 20
3969.71060117 0 4038.02654235 549.076388906 20
3996.70626987 0 3952.52533941 672.29297075 20
4010.31293796 0 3909.430037630317 734.3980125165742 20
4023.70193857 0 3867.43273956 795.79107188 20
4050.69760727 0 3782.75538553 919.57526901 20
4066.01788427 0 3734.7002499346418 989.8238785117711 20
4077.69327597 0 3669.92537485 993.209374631 20
4104.68894467 0 3520.15386282 1001.03726889 20
4105.05537461 0 3518.120915712575 1001.14352204413 20
4126.47115889 0 3399.431533845441 1009.405305093978 20
4131.68461337 0 3370.5633437 1011.75473214 20
4158.68028207 0 3221.08163241 1023.92024626 20
4169.23209044 0 3162.653653063745 1028.6753858814973 20
4185.67595077 0 3121.1441967 1110.0551179 20
4212.67161947 0 3052.99866944 1243.65515106 20
4228.75542363 0 3012.3981076576983 1323.2529855483135 20
4239.66728817 0 2984.9094085 1377.28384713 20
4266.66295687 0 2916.90308265 1510.95479158 20
4282.68695109 0 2876.5361265667384 1590.298721377763 20
4293.65862557 0 2848.25498935 1644.29443009 20
4310.34687721 0 2805.238516714767 1726.4235505759582 20
4320.65429427 0 2750.61445779 1743.60820602 20
4347.64996296 0 2607.55116756 1788.61572464 20
4374.64563166 0 2464.48787733 1833.62324326 20
4387.40640719 0 2396.8622684547645 1854.8981688212823 20
4401.64130036 0 2322.11841288 1880.73294762 20
4428.63696906 0 2180.37092394 1929.72714243 20
4455.63263776 0 2038.62343501 1978.72133725 20
4456.67612505 0 2033.1443448661437 1980.6151528855935 20
4482.62830646 0 1896.11499023 2025.45350918 20
4509.62397516 0 1753.57594887 2072.09472951 20
4520.05684927 0 1698.4896351769519 2090.1199166452916 20
4536.61964386 0 1672.07053606 2178.26121306 20
4563.61531256 0 1629.01009458 2321.92255137 20
4586.04276988 0 1593.236347903503 2441.273494988709 20
4590.61098126 0 1585.9776259 2465.5922566 20
4617.60664996 0 1543.08248865 2609.30303889 20
4644.60231866 0 1500.1873514 2753.01382118 20
4654.01538041 0 1485.2303380959534 2803.1240252755038 20
4671.59798736 0 1405.74122696 2859.89627393 20
4698.59365606 0 1283.69665665 2947.06223405 20
4725.58932476 0 1161.65208634 3034.22819417 20
4733.11152657 0 1127.645005518394 3058.516532792713 20
4752.58499346 0 1040.32815972 3122.39112305 20
4779.58066216 0 919.28260301 3210.93916056 20
4806.03388773 0 800.6693005930807 3297.7079394977077 20
4806.57633086 0 798.230416179 3299.47809904 20
4833.57199956 0 676.854899337 3387.57330695 20
4860.56766826 0 555.479382495 3475.66851486 20
4879.98190545 0 468.190821512981 3539.0231693015453 20
4887.56333696 0 427.507117518 3528.1212532 20
4914.55900566 0 282.642154521 3489.30213109 20
4941.55467436 0 137.777191525 3450.48300898 20
4942.3619111 0 133.44537365811252 3449.322221977572 20
4968.55034306 0 0.0 3507.2881372372763 20
1.58045985128 0 1405.74122696 2859.89627393 10
55.5717972514 0 1283.69665665 2947.06223405 10
109.563134652 0 1161.65208634 3034.22819417 10
124.607538266 0 1127.645005518394 3058.516532792713 10
163.554472052 0 1040.32815972 3122.39112305 10
217.545809452 0 919.28260301 3210.93916056 10
270.452260586 0 800.6693005930807 3297.7079394977077 10
271.537146852 0 798.230416179 3299.47809904 10
325.528484251 0 676.854899337 3387.57330695 10
379.519821651 0 555.479382495 3475.66851486 10
418.348296038 0 468.190821512981 3539.0231693015453 10
433.511159049 0 427.507117518 3528.1212532 10
487.502496449 0 282.642154521 3489.30213109 10
541.493833848 0 137.777191525 3450.48300898 10
543.108307322 0 133.44537365811252 3449.322221977572 10
595.485171248 0 0.0 3507.2881372372763 10
