1.4354482773 1 21983.8030436 1078.83756662 20
8.96333065438 1 21945.66390014317 1061.6780401097117 20
28.4311169813 1 21845.7377711 1020.30007307 20
55.4267856854 1 21707.1718022 962.921906357 20
72.3595475299 1 21620.257691031242 926.9320280018246 20
82.4224543776 1 21569.08443 904.42268252 20
109.418123071 1 21431.802388 844.037066031 20
136.093001917 1 21296.151670100997 784.3690125507302 20
136.413791773 1 21294.3695125 784.374439032 20
163.409460475 1 21144.3942705 784.831097762 20
190.405129178 1 20994.4190285 785.287756491 20
193.938554017 1 20974.78898150552 785.347527905181 20
217.400797886 1 20844.4433131 785.532235249 20
244.396466579 1 20694.4675265 785.744759605 20
271.392135271 1 20544.4917399 785.957283961 20
275.860139235 1 20519.66952057967 785.9924584797504 20
298.38780397 1 20394.5179385 785.265569507 20
325.383472676 1 20244.5445308 784.394513668 20
346.506033579 1 20127.1989494589 783.7129624833665 20
352.379141378 1 20094.5706232 783.655609335 20
379.374810073 1 19944.5949177 783.391986286 20
406.370478768 1 19794.6192122 783.128363236 20
413.687223883 1 19753.970691025228 783.0569124163977 20
433.366147472 1 19645.2549468 771.508876605 20
460.361816179 1 19496.1180186 755.667209891 20
472.617514026 1 19428.41170801755 748.4752902299456 20
487.357484886 1 19347.0124416 739.535321776 20
514.353153587 1 19197.9329319 723.16212614 20
523.181333626 1 19149.180638842503 717.8077294612967 20
541.348822289 1 19048.6867503 708.42995273 20
568.344490982 1 18899.3595774 694.495205964 20
583.218052664 1 18817.086123008787 686.8177034055609 20
595.340159683 1 18750.119791 679.685757362 20
622.335828383 1 18600.987226 663.803068629 20
649.331497082 1 18451.854661 647.920379895 20
652.542172553 1 18434.117879826357 646.0314043121268 20
676.327165789 1 18302.6769962 632.46784514 20
703.322834496 1 18153.4932435 617.073375777 20
717.181655148 1 18076.906480809146 609.1702861296859 20
730.318503202 1 18004.3300562 601.482222697 20
757.314171896 1 17855.1885646 585.683576584 20
784.30984059 1 17706.047073 569.884930469 20
785.202530718 1 17701.115276764078 569.3625023907025 20
811.305509296 1 17556.8580242 554.542105077 20
838.301178003 1 17407.667349 539.214868203 20
852.436537952 1 17329.54874716372 531.189284073929 20
865.296846701 1 17258.4648569 524.003584141 20
892.292515409 1 17109.2493762 508.919749185 20
917.830078213 1 16968.093409620862 494.65063117818005 20
919.288184115 1 16960.040086 493.77684048 20
946.28385281 1 16810.9392175 477.599302044 20
973.279521505 1 16661.838349 461.421763605 20
985.872150477 1 16592.28749113332 453.8754515779354 20
1000.2751902 1 16512.7168433 445.436597231 20
1027.27085889 1 16363.5772944 429.619622436 20
1051.59375102 1 16229.203695416889 415.36864848088527 20
1054.2665276 1 16214.4343896 413.834620177 20
1081.2621963 1 16065.2609458 398.340575485 20
1108.25786501 1 15916.087502 382.846530797 20
1114.11292387 1 15883.73344906389 379.4860456524999 20
1135.25353371 1 15766.8498724 367.987226095 20
1162.2492024 1 15617.5944661 353.30371764 20
1179.49032975 1 15522.270601483544 343.925908111597 20
1189.24487111 1 15468.4109461 337.934317515 20
1216.2405398 1 15319.3544851 321.352605576 20
1241.11282041 1 15182.02230168629 306.07515508191045 20
1243.23620851 1 15170.2787103 304.958084875 20
1270.23187721 1 15020.9767044 290.756226433 20
1297.22754591 1 14871.6746985 276.554367992 20
1306.23449821 1 14821.860928011525 271.81599818254534 20
1324.22321461 1 14722.4641241 261.436115286 20
1351.21888331 1 14573.2993294 245.859023875 20
1370.11616316 1 14468.882250506898 234.95488000010425 20
1378.21455202 1 14424.1171907 230.451111727 20
1405.21022071 1 14274.8945805 215.437972884 20
1432.2058894 1 14125.6719703 200.424834037 20
1441.11614434 1 14076.419198905282 195.4695615486032 20
1459.20155811 1 13976.40072 185.907488783 20
1486.19722681 1 13827.1055059 171.634409289 20
1513.19289551 1 13677.8102918 157.361329797 20
1516.38634542 1 13660.149429520076 155.6728973024145 20
1540.18856422 1 13528.5892398 142.335266232 20
1567.18423291 1 13379.3781379 127.208177758 20
1585.68071538 1 13277.143940226955 116.84362891827719 20
1594.17990161 1 13230.6707175 125.195328508 20
1621.17557031 1 13083.0594416 151.722540515 20
1648.17123902 1 12935.4481657 178.24975252 20
1651.08636936 1 12919.508345350017 181.11429651853223 20
1675.16690771 1 12787.9035758 205.145082704 20
1702.16257641 1 12640.3670587 232.084976361 20
1712.22534325 1 12585.3721042333 242.12695276874254 20
1729.15824512 1 12492.7537908 258.599003128 20
1756.15391382 1 12345.094912 284.859948686 20
1764.54316036 1 12299.20804210253 293.0208706937725 20
1783.14958251 1 12197.5801985 311.913568789 20
1810.14525122 1 12050.130486 339.324589249 20
1837.14091993 1 11902.6807735 366.735609704 20
1846.45665538 1 11851.798443846164 376.1946758240721 20
1864.13658862 1 11754.4447598 389.225112671 20
1891.13225732 1 11605.794436 409.121418348 20
1918.12792602 1 11457.1441122 429.017724024 20
1928.75694674 1 11398.615931646436 436.8515083084169 20
1945.12359473 1 11308.643146 449.981739563 20
1972.11926343 1 11160.2391774 471.639159779 20
1982.4932938 1 11103.20975931259 479.96178136862255 20
1999.11493212 1 11011.6951678 492.298915116 20
2026.11060083 1 10863.0637546 512.33599983 20
2052.61995613 1 10717.109861621035 532.0121265308385 20
2053.10626953 1 10714.43324 532.37968861 20
2080.10193824 1 10565.8517084 552.783370318 20
2105.42117897 1 10426.497073132796 571.9199857037862 20
2107.09760694 1 10417.6613657 574.864700656 20
2134.09327563 1 10275.379183 622.283707633 20
2161.08894433 1 10133.0970003 669.702714618 20
2170.68691988 1 10082.510332981432 686.5619550740552 20
2188.08461303 1 9990.87336855 717.29684771 20
2215.08028173 1 9848.68203825 764.987594534 20
2242.07595043 1 9706.49070795 812.678341358 20
2245.87819492 1 9686.463561774375 819.3954144438229 20
2269.07161913 1 9564.43509224 860.771524043 20
2296.06728782 1 9422.40172508 908.930680581 20
2308.7072781 1 9355.898450059125 931.4799005014033 20
2323.06295652 1 9280.22900431 956.675111392 20
2350.05862522 1 9137.93358447 1004.05438153 20
2369.47876553 1 9035.56912558168 1038.1380741389187 20
2377.05429392 1 8993.48286962 1038.17098166 20
2404.04996262 1 8843.50697825 1038.28824881 20
2431.04563132 1 8693.53108688 1038.40551596 20
2441.15261475 1 8637.381196115564 1038.4494199336066 20
2458.04130002 1 8543.56317076 1039.67493682 20
2485.03696872 1 8393.60002741 1041.63386065 20
2498.46297201 1 8319.017483137823 1042.6081101901214 20
2512.03263742 1 8243.63300331 1043.22819232 20
2539.02830612 1 8093.66213955 1044.46179178 20
2566.02397482 1 7943.69127579 1045.69539124 20
2568.30016719 1 7931.046190379419 1045.799404584585 20
2593.01964352 1 7793.71604461 1046.07585917 20
2620.01531222 1 7643.74041127 1046.37776996 20
2624.97304803 1 7616.197490349597 1046.4332156667551 20
2647.01098092 1 7493.76452986 1046.43321567 20
2674.00664962 1 7343.78859264 1046.43321567 20
2681.93302103 1 7299.753195926827 1046.4332156667551 20
2701.00231832 1 7202.14869195 1005.24148194 20
2727.99798702 1 7063.97376014 946.927933218 20
2739.88019448 1 7003.1557369080065 921.2610867430484 20
2754.99365572 1 6925.96654843 888.219784503 20
2781.98932442 1 6788.0911983 829.201401166 20
2799.32747011 1 6699.539848290882 791.296456480657 20
2808.98499312 1 6650.07256737 770.520932476 20
2835.98066182 1 6511.79670449 712.447121769 20
2862.97633052 1 6373.52084161 654.373311061 20
2874.43686108 1 6314.818285658059 629.7191085735491 20
2889.97199922 1 6235.3984392 595.936429915 20
2916.96766792 1 6097.38924713 537.231705653 20
2943.96333662 1 5959.38005506 478.526981392 20
2956.81302241 1 5893.6889705327185 450.58408174911244 20
2970.95900532 1 5820.65870292 421.553433394 20
2997.95467402 1 5681.290451 366.152421654 20
3005.0519606 1 5644.64989077649 351.5872385576581 20
3024.95034272 1 5542.32479293 309.752828158 20
3051.94601142 1 5403.50273065 252.997063953 20
3078.94168012 1 5264.68066837 196.241299749 20
3098.31193548 1 5165.071400437029 155.5172244052681 20
3105.93734882 1 5125.83211429 139.550486776 20
3132.93301752 1 4986.9162651 83.0246644587 20
3159.92868622 1 4848.00041591 26.498842141 20
3172.58403441 1 4782.8778045506915 0.0 20
3186.92435491 1 4706.89629695 23.9556254536 20
3213.92002361 1 4563.86102758 69.052116009 20
3219.41813098 1 4534.729566660133 78.2367503872626 20
3240.91569231 1 4420.5330426 113.206635806 20
3260.84218355 1 4314.682150943516 145.62087593360542 20
3267.91136101 1 4292.54424725 178.060020452 20
3294.90702971 1 4208.00435321 301.938138215 20
3321.90269841 1 4123.46445916 425.816255976 20
3323.67991203 1 4117.8989200176575 433.9715597082463 20
3348.89836711 1 4038.02654235 549.076388906 20
3375.89403581 1 3952.52533941 672.29297075 20
3389.5007039 1 3909.430037630317 734.3980125165742 20
3402.88970451 1 3867.43273956 795.79107188 20
3429.88537321 1 3782.75538553 919.57526901 20
3445.20565021 1 3734.7002499346418 989.8238785117711 20
3456.88104191 1 3669.92537485 993.209374631 20
3483.87671061 1 3520.15386282 1001.03726889 20
3484.24314055 1 3518.120915712575 1001.14352204413 20
3505.65892483 1 3399.431533845441 1009.405305093978 20
3510.87237931 1 3370.5633437 1011.75473214 20
3537.86804801 1 3221.08163241 1023.92024626 20
3548.41985638 1 3162.653653063745 1028.6753858814973 20
3564.86371671 1 3121.1441967 1110.0551179 20
3591.85938541 1 3052.99866944 1243.65515106 20
3607.94318957 1 3012.3981076576983 1323.2529855483135 20
3618.85505411 1 2984.9094085 1377.28384713 20
3645.85072281 1 2916.90308265 1510.95479158 20
3661.87471703 1 2876.5361265667384 1590.298721377763 20
3672.84639151 1 2848.25498935 1644.29443009 20
3689.53464315 1 2805.238516714767 1726.4235505759582 20
3699.84206021 1 2750.61445779 1743.60820602 20
3726.8377289 1 2607.55116756 1788.61572464 20
3753.8333976 1 2464.48787733 1833.62324326 20
3766.59417313 1 2396.8622684547645 1854.8981688212823 20
3780.8290663 1 2322.11841288 1880.73294762 20
3807.824735 1 2180.37092394 1929.72714243 20
3834.8204037 1 2038.62343501 1978.72133725 20
3835.86389099 1 2033.1443448661437 1980.6151528855935 20
3861.8160724 1 1896.11499023 2025.45350918 20
3888.8117411 1 1753.57594887 2072.09472951 20
3899.24461521 1 1698.4896351769519 2090.1199166452916 20
3915.8074098 1 1672.07053606 2178.26121306 20
3942.8030785 1 1629.01009458 2321.92255137 20
3965.23053582 1 1593.236347903503 2441.273494988709 20
3969.7987472 1 1585.9776259 2465.5922566 20
3996.7944159 1 1543.08248865 2609.30303889 20
4023.7900846 1 1500.1873514 2753.01382118 20
4033.20314635 1 1485.2303380959534 2803.1240252755038 20
4050.7857533 1 1405.74122696 2859.89627393 20
4077.781422 1 1283.69665665 2947.06223405 20
4104.7770907 1 1161.65208634 3034.22819417 20
4112.29929251 1 1127.645005518394 3058.516532792713 20
4131.7727594 1 1040.32815972 3122.39112305 20
4158.7684281 1 919.28260301 3210.93916056 20
4185.22165367 1 800.6693005930807 3297.7079394977077 20
4185.7640968 1 798.230416179 3299.47809904 20
4212.7597655 1 676.854899337 3387.57330695 20
4239.7554342 1 555.479382495 3475.66851486 20
4259.16967139 1 468.190821512981 3539.0231693015453 20
4266.7511029 1 427.507117518 3528.1212532 20
4293.7467716 1 282.642154521 3489.30213109 20
4320.7424403 1 137.777191525 3450.48300898 20
4321.54967704 1 133.44537365811252 3449.322221977572 20
4347.738109 1 0.0 3507.2881372372763 20
1.98090286946 1 1629.01009458 2321.92255137 10
46.8358175025 1 1593.236347903503 2441.273494988709 10
55.9722402708 1 1585.9776259 2465.5922566 10
109.963577671 1 1543.08248865 2609.30303889 10
163.954915072 1 1500.1873514 2753.01382118 10
182.781038578 1 1485.2303380959534 2803.1240252755038 10
217.94625247 1 1405.74122696 2859.89627393 10
271.93758987 1 1283.69665665 2947.06223405 10
325.92892727 1 1161.65208634 3034.22819417 10
340.973330884 1 1127.645005518394 3058.516532792713 10
379.92026467 1 1040.32815972 3122.39112305 10
433.911602071 1 919.28260301 3210.93916056 10
486.818053204 1 800.6693005930807 3297.7079394977077 10
487.90293947 1 798.230416179 3299.47809904 10
541.894276869 1 676.854899337 3387.57330695 10
595.885614269 1 555.479382495 3475.66851486 10
634.714088657 1 468.190821512981 3539.0231693015453 10
649.876951667 1 427.507117518 3528.1212532 10
703.868289067 1 282.642154521 3489.30213109 10
757.859626467 1 137.777191525 3450.48300898 10
759.47409994 1 133.44537365811252 3449.322221977572 10
811.850963866 1 0.0 3507.2881372372763 10
