1.51551028999 4 23958.7266024 1784.41076796 20
28.5111789963 4 23816.007793 1738.32255689 20
55.091902857 4 23675.482684937528 1692.9427581635102 20
55.5068476924 4 23673.2882394 1692.23665468 20
82.5025163848 4 23530.5210098 1646.29865423 20
109.498185078 4 23387.7537802 1600.36065376 20
123.53340678 4 23313.528179716443 1576.477191995897 20
136.493853774 4 23244.8739608 1554.77567532 20
163.489522477 4 23101.8722148 1509.57299407 20
184.906898223 4 22988.419862125207 1473.7108407909914 20
190.485191183 4 22958.8634905 1464.39241786 20
217.480859884 4 22815.8279737 1419.29671206 20
244.476528586 4 22672.7924569 1374.20100626 20
251.498207977 4 22635.58835754336 1362.471436175909 20
271.472197285 4 22533.3865195 1319.24676465 20
298.467865991 4 22395.2565286 1260.82684193 20
321.147644325 4 22279.20985426538 1211.746713108931 20
325.463534694 4 22257.343896 1201.90880232 20
352.459203395 4 22120.5734698 1140.37318447 20
379.454872096 4 21983.8030436 1078.83756662 20
386.982754473 4 21945.66390014317 1061.6780401097117 20
406.4505408 4 21845.7377711 1020.30007307 20
433.446209504 4 21707.1718022 962.921906357 20
450.378971348 4 21620.257691031242 926.9320280018246 20
460.441878196 4 21569.08443 904.42268252 20
487.437546889 4 21431.802388 844.037066031 20
514.112425736 4 21296.151670100997 784.3690125507302 20
514.433215591 4 21294.3695125 784.374439032 20
541.428884294 4 21144.3942705 784.831097762 20
568.424552996 4 20994.4190285 785.287756491 20
571.957977835 4 20974.78898150552 785.347527905181 20
595.420221705 4 20844.4433131 785.532235249 20
622.415890397 4 20694.4675265 785.744759605 20
649.411559089 4 20544.4917399 785.957283961 20
653.879563053 4 20519.66952057967 785.9924584797504 20
676.407227788 4 20394.5179385 785.265569507 20
703.402896494 4 20244.5445308 784.394513668 20
724.525457397 4 20127.1989494589 783.7129624833665 20
730.398565197 4 20094.5706232 783.655609335 20
757.394233892 4 19944.5949177 783.391986286 20
784.389902587 4 19794.6192122 783.128363236 20
791.706647702 4 19753.970691025228 783.0569124163977 20
811.385571291 4 19645.2549468 771.508876605 20
838.381239998 4 19496.1180186 755.667209891 20
850.636937845 4 19428.41170801755 748.4752902299456 20
865.376908704 4 19347.0124416 739.535321776 20
892.372577405 4 19197.9329319 723.16212614 20
901.200757445 4 19149.180638842503 717.8077294612967 20
919.368246108 4 19048.6867503 708.42995273 20
946.3639148 4 18899.3595774 694.495205964 20
961.237476483 4 18817.086123008787 686.8177034055609 20
973.359583502 4 18750.119791 679.685757362 20
1000.3552522 4 18600.987226 663.803068629 20
1027.3509209 4 18451.854661 647.920379895 20
1030.56159637 4 18434.117879826357 646.0314043121268 20
1054.34658961 4 18302.6769962 632.46784514 20
1081.34225831 4 18153.4932435 617.073375777 20
1095.20107897 4 18076.906480809146 609.1702861296859 20
1108.33792702 4 18004.3300562 601.482222697 20
1135.33359571 4 17855.1885646 585.683576584 20
1162.32926441 4 17706.047073 569.884930469 20
1163.22195454 4 17701.115276764078 569.3625023907025 20
1189.32493311 4 17556.8580242 554.542105077 20
1216.32060182 4 17407.667349 539.214868203 20
1230.45596177 4 17329.54874716372 531.189284073929 20
1243.31627052 4 17258.4648569 524.003584141 20
1270.31193923 4 17109.2493762 508.919749185 20
1295.84950203 4 16968.093409620862 494.65063117818005 20
1297.30760793 4 16960.040086 493.77684048 20
1324.30327663 4 16810.9392175 477.599302044 20
1351.29894532 4 16661.838349 461.421763605 20
1363.8915743 4 16592.28749113332 453.8754515779354 20
1378.29461402 4 16512.7168433 445.436597231 20
1405.29028271 4 16363.5772944 429.619622436 20
1429.61317484 4 16229.203695416889 415.36864848088527 20
1432.28595142 4 16214.4343896 413.834620177 20
1459.28162012 4 16065.2609458 398.340575485 20
1486.27728883 4 15916.087502 382.846530797 20
1492.13234769 4 15883.73344906389 379.4860456524999 20
1513.27295753 4 15766.8498724 367.987226095 20
1540.26862622 4 15617.5944661 353.30371764 20
1557.50975357 4 15522.270601483544 343.925908111597 20
1567.26429492 4 15468.4109461 337.934317515 20
1594.25996362 4 15319.3544851 321.352605576 20
1619.13224423 4 15182.02230168629 306.07515508191045 20
1621.25563233 4 15170.2787103 304.958084875 20
1648.25130103 4 15020.9767044 290.756226433 20
1675.24696973 4 14871.6746985 276.554367992 20
1684.25392203 4 14821.860928011525 271.81599818254534 20
1702.24263843 4 14722.4641241 261.436115286 20
1729.23830713 4 14573.2993294 245.859023875 20
1748.13558698 4 14468.882250506898 234.95488000010425 20
1756.23397584 4 14424.1171907 230.451111727 20
1783.22964453 4 14274.8945805 215.437972884 20
1810.22531322 4 14125.6719703 200.424834037 20
1819.13556816 4 14076.419198905282 195.4695615486032 20
1837.22098192 4 13976.40072 185.907488783 20
1864.21665063 4 13827.1055059 171.634409289 20
1891.21231933 4 13677.8102918 157.361329797 20
1894.40576924 4 13660.149429520076 155.6728973024145 20
1918.20798804 4 13528.5892398 142.335266232 20
1945.20365673 4 13379.3781379 127.208177758 20
1963.70013919 4 13277.143940226955 116.84362891827719 20
1972.19932543 4 13230.6707175 125.195328508 20
1999.19499413 4 13083.0594416 151.722540515 20
2026.19066283 4 12935.4481657 178.24975252 20
2029.10579318 4 12919.508345350017 181.11429651853223 20
2053.18633153 4 12787.9035758 205.145082704 20
2080.18200023 4 12640.3670587 232.084976361 20
2090.24476706 4 12585.3721042333 242.12695276874254 20
2107.17766894 4 12492.7537908 258.599003128 20
2134.17333764 4 12345.094912 284.859948686 20
2142.56258418 4 12299.20804210253 293.0208706937725 20
2161.16900633 4 12197.5801985 311.913568789 20
2188.16467504 4 12050.130486 339.324589249 20
2215.16034375 4 11902.6807735 366.735609704 20
2224.4760792 4 11851.798443846164 376.1946758240721 20
2242.15601244 4 11754.4447598 389.225112671 20
2269.15168114 4 11605.794436 409.121418348 20
2296.14734984 4 11457.1441122 429.017724024 20
2306.77637056 4 11398.615931646436 436.8515083084169 20
2323.14301855 4 11308.643146 449.981739563 20
2350.13868725 4 11160.2391774 471.639159779 20
2360.51271761 4 11103.20975931259 479.96178136862255 20
2377.13435594 4 11011.6951678 492.298915116 20
2404.13002465 4 10863.0637546 512.33599983 20
2430.63937994 4 10717.109861621035 532.0121265308385 20
2431.12569335 4 10714.43324 532.37968861 20
2458.12136206 4 10565.8517084 552.783370318 20
2483.44060279 4 10426.497073132796 571.9199857037862 20
2485.11703076 4 10417.6613657 574.864700656 20
2512.11269945 4 10275.379183 622.283707633 20
2539.10836815 4 10133.0970003 669.702714618 20
2548.7063437 4 10082.510332981432 686.5619550740552 20
2566.10403684 4 9990.87336855 717.29684771 20
2593.09970554 4 9848.68203825 764.987594534 20
2620.09537424 4 9706.49070795 812.678341358 20
2623.89761874 4 9686.463561774375 819.3954144438229 20
2647.09104294 4 9564.43509224 860.771524043 20
2674.08671164 4 9422.40172508 908.930680581 20
2686.72670192 4 9355.898450059125 931.4799005014033 20
2701.08238034 4 9280.22900431 956.675111392 20
2728.07804904 4 9137.93358447 1004.05438153 20
2747.49818935 4 9035.56912558168 1038.1380741389187 20
2755.07371774 4 8993.48286962 1038.17098166 20
2782.06938644 4 8843.50697825 1038.28824881 20
2809.06505514 4 8693.53108688 1038.40551596 20
2819.17203857 4 8637.381196115564 1038.4494199336066 20
2836.06072384 4 8543.56317076 1039.67493682 20
2863.05639254 4 8393.60002741 1041.63386065 20
2876.48239583 4 8319.017483137823 1042.6081101901214 20
2890.05206124 4 8243.63300331 1043.22819232 20
2917.04772994 4 8093.66213955 1044.46179178 20
2944.04339864 4 7943.69127579 1045.69539124 20
2946.31959101 4 7931.046190379419 1045.799404584585 20
2971.03906734 4 7793.71604461 1046.07585917 20
2998.03473604 4 7643.74041127 1046.37776996 20
3002.99247185 4 7616.197490349597 1046.4332156667551 20
3025.03040474 4 7493.76452986 1046.43321567 20
3052.02607344 4 7343.78859264 1046.43321567 20
3059.95244485 4 7299.753195926827 1046.4332156667551 20
3079.02174214 4 7202.14869195 1005.24148194 20
3106.01741084 4 7063.97376014 946.927933218 20
3117.8996183 4 7003.1557369080065 921.2610867430484 20
3133.01307954 4 6925.96654843 888.219784503 20
3160.00874824 4 6788.0911983 829.201401166 20
3177.34689393 4 6699.539848290882 791.296456480657 20
3187.00441694 4 6650.07256737 770.520932476 20
3214.00008564 4 6511.79670449 712.447121769 20
3240.99575434 4 6373.52084161 654.373311061 20
3252.4562849 4 6314.818285658059 629.7191085735491 20
3267.99142303 4 6235.3984392 595.936429915 20
3294.98709174 4 6097.38924713 537.231705653 20
3321.98276044 4 5959.38005506 478.526981392 20
3334.83244623 4 5893.6889705327185 450.58408174911244 20
3348.97842914 4 5820.65870292 421.553433394 20
3375.97409783 4 5681.290451 366.152421654 20
3383.07138442 4 5644.64989077649 351.5872385576581 20
3402.96976653 4 5542.32479293 309.752828158 20
3429.96543523 4 5403.50273065 252.997063953 20
3456.96110394 4 5264.68066837 196.241299749 20
3476.3313593 4 5165.071400437029 155.5172244052681 20
3483.95677263 4 5125.83211429 139.550486776 20
3510.95244133 4 4986.9162651 83.0246644587 20
3537.94811003 4 4848.00041591 26.498842141 20
3550.60345823 4 4782.8778045506915 0.0 20
3564.94377873 4 4706.89629695 23.9556254536 20
3591.93944743 4 4563.86102758 69.052116009 20
3597.4375548 4 4534.729566660133 78.2367503872626 20
3618.93511613 4 4420.5330426 113.206635806 20
3638.86160737 4 4314.682150943516 145.62087593360542 20
3645.93078483 4 4292.54424725 178.060020452 20
3672.92645353 4 4208.00435321 301.938138215 20
3699.92212223 4 4123.46445916 425.816255976 20
3701.69933585 4 4117.8989200176575 433.9715597082463 20
3726.91779093 4 4038.02654235 549.076388906 20
3753.91345963 4 3952.52533941 672.29297075 20
3767.52012772 4 3909.430037630317 734.3980125165742 20
3780.90912833 4 3867.43273956 795.79107188 20
3807.90479703 4 3782.75538553 919.57526901 20
3823.22507403 4 3734.7002499346418 989.8238785117711 20
3834.90046573 4 3669.92537485 993.209374631 20
3861.89613443 4 3520.15386282 1001.03726889 20
3862.26256437 4 3518.120915712575 1001.14352204413 20
3883.67834865 4 3399.431533845441 1009.405305093978 20
3888.89180313 4 3370.5633437 1011.75473214 20
3915.88747183 4 3221.08163241 1023.92024626 20
3926.4392802 4 3162.653653063745 1028.6753858814973 20
3942.88314052 4 3121.1441967 1110.0551179 20
3969.87880922 4 3052.99866944 1243.65515106 20
3985.96261339 4 3012.3981076576983 1323.2529855483135 20
3996.87447793 4 2984.9094085 1377.28384713 20
4023.87014663 4 2916.90308265 1510.95479158 20
4039.89414085 4 2876.5361265667384 1590.298721377763 20
4050.86581532 4 2848.25498935 1644.29443009 20
4067.55406697 4 2805.238516714767 1726.4235505759582 20
4077.86148402 4 2750.61445779 1743.60820602 20
4104.85715272 4 2607.55116756 1788.61572464 20
4131.85282142 4 2464.48787733 1833.62324326 20
4144.61359695 4 2396.8622684547645 1854.8981688212823 20
4158.84849012 4 2322.11841288 1880.73294762 20
4185.84415882 4 2180.37092394 1929.72714243 20
4212.83982752 4 2038.62343501 1978.72133725 20
4213.8833148 4 2033.1443448661437 1980.6151528855935 20
4239.83549622 4 1896.11499023 2025.45350918 20
4266.83116492 4 1753.57594887 2072.09472951 20
4277.26403903 4 1698.4896351769519 2090.1199166452916 20
4293.82683362 4 1672.07053606 2178.26121306 20
4320.82250232 4 1629.01009458 2321.92255137 20
4343.24995964 4 1593.236347903503 2441.273494988709 20
4347.81817102 4 1585.9776259 2465.5922566 20
4374.81383972 4 1543.08248865 2609.30303889 20
4401.80950842 4 1500.1873514 2753.01382118 20
4411.22257017 4 1485.2303380959534 2803.1240252755038 20
4428.80517712 4 1405.74122696 2859.89627393 20
4455.80084582 4 1283.69665665 2947.06223405 20
4482.79651452 4 1161.65208634 3034.22819417 20
4490.31871633 4 1127.645005518394 3058.516532792713 20
4509.79218322 4 1040.32815972 3122.39112305 20
4536.78785192 4 919.28260301 3210.93916056 20
4563.24107749 4 800.6693005930807 3297.7079394977077 20
4563.78352062 4 798.230416179 3299.47809904 20
4590.77918932 4 676.854899337 3387.57330695 20
4617.77485802 4 555.479382495 3475.66851486 20
4637.18909521 4 468.190821512981 3539.0231693015453 20
4644.77052672 4 427.507117518 3528.1212532 20
4671.76619542 4 282.642154521 3489.30213109 20
4698.76186412 4 137.777191525 3450.48300898 20
4699.56910085 4 133.44537365811252 3449.322221977572 20
4725.75753282 4 0.0 3507.2881372372763 20
1.07280541259 4 2607.55116756 1788.61572464 10
55.0641428103 4 2464.48787733 1833.62324326 10
80.5856938636 4 2396.8622684547645 1854.8981688212823 10
109.055480209 4 2322.11841288 1880.73294762 10
163.046817609 4 2180.37092394 1929.72714243 10
217.038155007 4 2038.62343501 1978.72133725 10
219.125129576 4 2033.1443448661437 1980.6151528855935 10
271.029492405 4 1896.11499023 2025.45350918 10
325.020829805 4 1753.57594887 2072.09472951 10
345.886578027 4 1698.4896351769519 2090.1199166452916 10
379.012167204 4 1672.07053606 2178.26121306 10
433.003504604 4 1629.01009458 2321.92255137 10
477.858419237 4 1593.236347903503 2441.273494988709 10
486.994842005 4 1585.9776259 2465.5922566 10
540.986179406 4 1543.08248865 2609.30303889 10
594.977516806 4 1500.1873514 2753.01382118 10
613.803640313 4 1485.2303380959534 2803.1240252755038 10
648.968854204 4 1405.74122696 2859.89627393 10
702.960191604 4 1283.69665665 2947.06223405 10
756.951529004 4 1161.65208634 3034.22819417 10
771.995932618 4 1127.645005518394 3058.516532792713 10
810.942866405 4 1040.32815972 3122.39112305 10
864.934203805 4 919.28260301 3210.93916056 10
917.840654939 4 800.6693005930807 3297.7079394977077 10
918.925541204 4 798.230416179 3299.47809904 10
972.916878604 4 676.854899337 3387.57330695 10
1026.908216 4 555.479382495 3475.66851486 10
1065.73669039 4 468.190821512981 3539.0231693015453 10
1080.8995534 4 427.507117518 3528.1212532 10
1134.8908908 4 282.642154521 3489.30213109 10
1188.8822282 4 137.777191525 3450.48300898 10
1190.49670167 4 133.44537365811252 3449.322221977572 10
1242.8735656 4 0.0 3507.2881372372763 10
