0.637259655676 2 21294.3695125 784.374439032 20
27.6329283584 2 21144.3942705 784.831097762 20
54.628597061 2 20994.4190285 785.287756491 20
58.1620218998 2 20974.78898150552 785.347527905181 20
81.6242657695 2 20844.4433131 785.532235249 20
108.619934462 2 20694.4675265 785.744759605 20
135.615603154 2 20544.4917399 785.957283961 20
140.083607118 2 20519.66952057967 785.9924584797504 20
162.611271853 2 20394.5179385 785.265569507 20
189.606940559 2 20244.5445308 784.394513668 20
210.729501462 2 20127.1989494589 783.7129624833665 20
216.602609261 2 20094.5706232 783.655609335 20
243.598277956 2 19944.5949177 783.391986286 20
270.593946651 2 19794.6192122 783.128363236 20
277.910691766 2 19753.970691025228 783.0569124163977 20
297.589615355 2 19645.2549468 771.508876605 20
324.585284062 2 19496.1180186 755.667209891 20
336.840981909 2 19428.41170801755 748.4752902299456 20
351.580952769 2 19347.0124416 739.535321776 20
378.57662147 2 19197.9329319 723.16212614 20
387.404801509 2 19149.180638842503 717.8077294612967 20
405.572290172 2 19048.6867503 708.42995273 20
432.567958865 2 18899.3595774 694.495205964 20
447.441520547 2 18817.086123008787 686.8177034055609 20
459.563627566 2 18750.119791 679.685757362 20
486.559296266 2 18600.987226 663.803068629 20
513.554964965 2 18451.854661 647.920379895 20
516.765640436 2 18434.117879826357 646.0314043121268 20
540.550633672 2 18302.6769962 632.46784514 20
567.546302379 2 18153.4932435 617.073375777 20
581.405123031 2 18076.906480809146 609.1702861296859 20
594.541971085 2 18004.3300562 601.482222697 20
621.537639779 2 17855.1885646 585.683576584 20
648.533308473 2 17706.047073 569.884930469 20
649.425998601 2 17701.115276764078 569.3625023907025 20
675.528977179 2 17556.8580242 554.542105077 20
702.524645886 2 17407.667349 539.214868203 20
716.660005835 2 17329.54874716372 531.189284073929 20
729.520314584 2 17258.4648569 524.003584141 20
756.515983292 2 17109.2493762 508.919749185 20
782.053546096 2 16968.093409620862 494.65063117818005 20
783.511651998 2 16960.040086 493.77684048 20
810.507320693 2 16810.9392175 477.599302044 20
837.502989388 2 16661.838349 461.421763605 20
850.09561836 2 16592.28749113332 453.8754515779354 20
864.498658081 2 16512.7168433 445.436597231 20
891.494326776 2 16363.5772944 429.619622436 20
915.817218902 2 16229.203695416889 415.36864848088527 20
918.489995481 2 16214.4343896 413.834620177 20
945.485664187 2 16065.2609458 398.340575485 20
972.481332894 2 15916.087502 382.846530797 20
978.336391757 2 15883.73344906389 379.4860456524999 20
999.477001597 2 15766.8498724 367.987226095 20
1026.47267029 2 15617.5944661 353.30371764 20
1043.71379764 2 15522.270601483544 343.925908111597 20
1053.46833899 2 15468.4109461 337.934317515 20
1080.46400768 2 15319.3544851 321.352605576 20
1105.33628829 2 15182.02230168629 306.07515508191045 20
1107.45967639 2 15170.2787103 304.958084875 20
1134.45534509 2 15020.9767044 290.756226433 20
1161.45101379 2 14871.6746985 276.554367992 20
1170.45796609 2 14821.860928011525 271.81599818254534 20
1188.44668249 2 14722.4641241 261.436115286 20
1215.4423512 2 14573.2993294 245.859023875 20
1234.33963105 2 14468.882250506898 234.95488000010425 20
1242.4380199 2 14424.1171907 230.451111727 20
1269.43368859 2 14274.8945805 215.437972884 20
1296.42935729 2 14125.6719703 200.424834037 20
1305.33961222 2 14076.419198905282 195.4695615486032 20
1323.42502599 2 13976.40072 185.907488783 20
1350.42069469 2 13827.1055059 171.634409289 20
1377.4163634 2 13677.8102918 157.361329797 20
1380.6098133 2 13660.149429520076 155.6728973024145 20
1404.4120321 2 13528.5892398 142.335266232 20
1431.4077008 2 13379.3781379 127.208177758 20
1449.90418326 2 13277.143940226955 116.84362891827719 20
1458.40336949 2 13230.6707175 125.195328508 20
1485.3990382 2 13083.0594416 151.722540515 20
1512.3947069 2 12935.4481657 178.24975252 20
1515.30983724 2 12919.508345350017 181.11429651853223 20
1539.39037559 2 12787.9035758 205.145082704 20
1566.38604429 2 12640.3670587 232.084976361 20
1576.44881113 2 12585.3721042333 242.12695276874254 20
1593.381713 2 12492.7537908 258.599003128 20
1620.3773817 2 12345.094912 284.859948686 20
1628.76662824 2 12299.20804210253 293.0208706937725 20
1647.3730504 2 12197.5801985 311.913568789 20
1674.3687191 2 12050.130486 339.324589249 20
1701.36438781 2 11902.6807735 366.735609704 20
1710.68012327 2 11851.798443846164 376.1946758240721 20
1728.36005651 2 11754.4447598 389.225112671 20
1755.35572521 2 11605.794436 409.121418348 20
1782.35139391 2 11457.1441122 429.017724024 20
1792.98041463 2 11398.615931646436 436.8515083084169 20
1809.34706261 2 11308.643146 449.981739563 20
1836.34273131 2 11160.2391774 471.639159779 20
1846.71676168 2 11103.20975931259 479.96178136862255 20
1863.33840001 2 11011.6951678 492.298915116 20
1890.33406871 2 10863.0637546 512.33599983 20
1916.84342401 2 10717.109861621035 532.0121265308385 20
1917.32973741 2 10714.43324 532.37968861 20
1944.32540612 2 10565.8517084 552.783370318 20
1969.64464685 2 10426.497073132796 571.9199857037862 20
1971.32107482 2 10417.6613657 574.864700656 20
1998.31674352 2 10275.379183 622.283707633 20
2025.31241221 2 10133.0970003 669.702714618 20
2034.91038776 2 10082.510332981432 686.5619550740552 20
2052.30808091 2 9990.87336855 717.29684771 20
2079.30374961 2 9848.68203825 764.987594534 20
2106.29941831 2 9706.49070795 812.678341358 20
2110.10166281 2 9686.463561774375 819.3954144438229 20
2133.29508701 2 9564.43509224 860.771524043 20
2160.29075571 2 9422.40172508 908.930680581 20
2172.93074599 2 9355.898450059125 931.4799005014033 20
2187.28642441 2 9280.22900431 956.675111392 20
2214.28209311 2 9137.93358447 1004.05438153 20
2233.70223342 2 9035.56912558168 1038.1380741389187 20
2241.27776181 2 8993.48286962 1038.17098166 20
2268.27343051 2 8843.50697825 1038.28824881 20
2295.2690992 2 8693.53108688 1038.40551596 20
2305.37608263 2 8637.381196115564 1038.4494199336066 20
2322.2647679 2 8543.56317076 1039.67493682 20
2349.26043661 2 8393.60002741 1041.63386065 20
2362.6864399 2 8319.017483137823 1042.6081101901214 20
2376.25610531 2 8243.63300331 1043.22819232 20
2403.251774 2 8093.66213955 1044.46179178 20
2430.2474427 2 7943.69127579 1045.69539124 20
2432.52363508 2 7931.046190379419 1045.799404584585 20
2457.2431114 2 7793.71604461 1046.07585917 20
2484.2387801 2 7643.74041127 1046.37776996 20
2489.19651591 2 7616.197490349597 1046.4332156667551 20
2511.2344488 2 7493.76452986 1046.43321567 20
2538.2301175 2 7343.78859264 1046.43321567 20
2546.15648891 2 7299.753195926827 1046.4332156667551 20
2565.2257862 2 7202.14869195 1005.24148194 20
2592.2214549 2 7063.97376014 946.927933218 20
2604.10366237 2 7003.1557369080065 921.2610867430484 20
2619.2171236 2 6925.96654843 888.219784503 20
2646.2127923 2 6788.0911983 829.201401166 20
2663.55093799 2 6699.539848290882 791.296456480657 20
2673.208461 2 6650.07256737 770.520932476 20
2700.2041297 2 6511.79670449 712.447121769 20
2727.1997984 2 6373.52084161 654.373311061 20
2738.66032896 2 6314.818285658059 629.7191085735491 20
2754.1954671 2 6235.3984392 595.936429915 20
2781.1911358 2 6097.38924713 537.231705653 20
2808.1868045 2 5959.38005506 478.526981392 20
2821.03649029 2 5893.6889705327185 450.58408174911244 20
2835.1824732 2 5820.65870292 421.553433394 20
2862.1781419 2 5681.290451 366.152421654 20
2869.27542848 2 5644.64989077649 351.5872385576581 20
2889.1738106 2 5542.32479293 309.752828158 20
2916.1694793 2 5403.50273065 252.997063953 20
2943.165148 2 5264.68066837 196.241299749 20
2962.53540336 2 5165.071400437029 155.5172244052681 20
2970.1608167 2 5125.83211429 139.550486776 20
2997.1564854 2 4986.9162651 83.0246644587 20
3024.1521541 2 4848.00041591 26.498842141 20
3036.80750229 2 4782.8778045506915 0.0 20
3051.1478228 2 4706.89629695 23.9556254536 20
3078.1434915 2 4563.86102758 69.052116009 20
3083.64159886 2 4534.729566660133 78.2367503872626 20
3105.1391602 2 4420.5330426 113.206635806 20
3125.06565143 2 4314.682150943516 145.62087593360542 20
3132.1348289 2 4292.54424725 178.060020452 20
3159.1304976 2 4208.00435321 301.938138215 20
3186.1261663 2 4123.46445916 425.816255976 20
3187.90337991 2 4117.8989200176575 433.9715597082463 20
3213.121835 2 4038.02654235 549.076388906 20
3240.1175037 2 3952.52533941 672.29297075 20
3253.72417178 2 3909.430037630317 734.3980125165742 20
3267.11317239 2 3867.43273956 795.79107188 20
3294.10884109 2 3782.75538553 919.57526901 20
3309.4291181 2 3734.7002499346418 989.8238785117711 20
3321.10450979 2 3669.92537485 993.209374631 20
3348.10017849 2 3520.15386282 1001.03726889 20
3348.46660844 2 3518.120915712575 1001.14352204413 20
3369.88239271 2 3399.431533845441 1009.405305093978 20
3375.09584719 2 3370.5633437 1011.75473214 20
3402.09151589 2 3221.08163241 1023.92024626 20
3412.64332427 2 3162.653653063745 1028.6753858814973 20
3429.08718459 2 3121.1441967 1110.0551179 20
3456.08285329 2 3052.99866944 1243.65515106 20
3472.16665745 2 3012.3981076576983 1323.2529855483135 20
3483.07852199 2 2984.9094085 1377.28384713 20
3510.07419069 2 2916.90308265 1510.95479158 20
3526.09818492 2 2876.5361265667384 1590.298721377763 20
3537.06985939 2 2848.25498935 1644.29443009 20
3553.75811103 2 2805.238516714767 1726.4235505759582 20
3564.06552809 2 2750.61445779 1743.60820602 20
3591.06119679 2 2607.55116756 1788.61572464 20
3618.05686549 2 2464.48787733 1833.62324326 20
3630.81764101 2 2396.8622684547645 1854.8981688212823 20
3645.05253419 2 2322.11841288 1880.73294762 20
3672.04820289 2 2180.37092394 1929.72714243 20
3699.04387158 2 2038.62343501 1978.72133725 20
3700.08735887 2 2033.1443448661437 1980.6151528855935 20
3726.03954028 2 1896.11499023 2025.45350918 20
3753.03520898 2 1753.57594887 2072.09472951 20
3763.46808309 2 1698.4896351769519 2090.1199166452916 20
3780.03087768 2 1672.07053606 2178.26121306 20
3807.02654638 2 1629.01009458 2321.92255137 20
3829.4540037 2 1593.236347903503 2441.273494988709 20
3834.02221508 2 1585.9776259 2465.5922566 20
3861.01788378 2 1543.08248865 2609.30303889 20
3888.01355248 2 1500.1873514 2753.01382118 20
3897.42661424 2 1485.2303380959534 2803.1240252755038 20
3915.00922118 2 1405.74122696 2859.89627393 20
3942.00488988 2 1283.69665665 2947.06223405 20
3969.00055858 2 1161.65208634 3034.22819417 20
3976.52276039 2 1127.645005518394 3058.516532792713 20
3995.99622728 2 1040.32815972 3122.39112305 20
4022.99189598 2 919.28260301 3210.93916056 20
4049.44512155 2 800.6693005930807 3297.7079394977077 20
4049.98756468 2 798.230416179 3299.47809904 20
4076.98323338 2 676.854899337 3387.57330695 20
4103.97890208 2 555.479382495 3475.66851486 20
4123.39313928 2 468.190821512981 3539.0231693015453 20
4130.97457078 2 427.507117518 3528.1212532 20
4157.97023948 2 282.642154521 3489.30213109 20
4184.96590818 2 137.777191525 3450.48300898 20
4185.77314492 2 133.44537365811252 3449.322221977572 20
4211.96157688 2 0.0 3507.2881372372763 20
1.57283143691 2 1500.1873514 2753.01382118 10
20.3989549431 2 1485.2303380959534 2803.1240252755038 10
55.5641688347 2 1405.74122696 2859.89627393 10
109.555506235 2 1283.69665665 2947.06223405 10
163.546843635 2 1161.65208634 3034.22819417 10
178.591247249 2 1127.645005518394 3058.516532792713 10
217.538181035 2 1040.32815972 3122.39112305 10
271.529518436 2 919.28260301 3210.93916056 10
324.435969569 2 800.6693005930807 3297.7079394977077 10
325.520855835 2 798.230416179 3299.47809904 10
379.512193235 2 676.854899337 3387.57330695 10
433.503530634 2 555.479382495 3475.66851486 10
472.332005022 2 468.190821512981 3539.0231693015453 10
487.494868033 2 427.507117518 3528.1212532 10
541.486205432 2 282.642154521 3489.30213109 10
595.477542832 2 137.777191525 3450.48300898 10
597.092016305 2 133.44537365811252 3449.322221977572 10
649.468880231 2 0.0 3507.2881372372763 10
