1.27426553539 3 14871.6746985 276.554367992 20
10.2812178319 3 14821.860928011525 271.81599818254534 20
28.2699342323 3 14722.4641241 261.436115286 20
55.2656029377 3 14573.2993294 245.859023875 20
74.1628827862 3 14468.882250506898 234.95488000010425 20
82.2612716423 3 14424.1171907 230.451111727 20
109.256940335 3 14274.8945805 215.437972884 20
136.252609027 3 14125.6719703 200.424834037 20
145.162863961 3 14076.419198905282 195.4695615486032 20
163.24827773 3 13976.40072 185.907488783 20
190.243946433 3 13827.1055059 171.634409289 20
217.239615137 3 13677.8102918 157.361329797 20
220.43306504 3 13660.149429520076 155.6728973024145 20
244.235283842 3 13528.5892398 142.335266232 20
271.230952536 3 13379.3781379 127.208177758 20
289.727434999 3 13277.143940226955 116.84362891827719 20
298.226621234 3 13230.6707175 125.195328508 20
325.222289936 3 13083.0594416 151.722540515 20
352.217958639 3 12935.4481657 178.24975252 20
355.133088982 3 12919.508345350017 181.11429651853223 20
379.213627334 3 12787.9035758 205.145082704 20
406.209296035 3 12640.3670587 232.084976361 20
416.272062869 3 12585.3721042333 242.12695276874254 20
433.204964741 3 12492.7537908 258.599003128 20
460.200633444 3 12345.094912 284.859948686 20
468.58987998 3 12299.20804210253 293.0208706937725 20
487.196302136 3 12197.5801985 311.913568789 20
514.191970844 3 12050.130486 339.324589249 20
541.187639552 3 11902.6807735 366.735609704 20
550.503375006 3 11851.798443846164 376.1946758240721 20
568.183308248 3 11754.4447598 389.225112671 20
595.178976948 3 11605.794436 409.121418348 20
622.174645648 3 11457.1441122 429.017724024 20
632.803666369 3 11398.615931646436 436.8515083084169 20
649.170314352 3 11308.643146 449.981739563 20
676.165983052 3 11160.2391774 471.639159779 20
686.54001342 3 11103.20975931259 479.96178136862255 20
703.161651746 3 11011.6951678 492.298915116 20
730.157320451 3 10863.0637546 512.33599983 20
756.666675749 3 10717.109861621035 532.0121265308385 20
757.152989154 3 10714.43324 532.37968861 20
784.148657863 3 10565.8517084 552.783370318 20
809.467898594 3 10426.497073132796 571.9199857037862 20
811.144326562 3 10417.6613657 574.864700656 20
838.139995256 3 10275.379183 622.283707633 20
865.135663951 3 10133.0970003 669.702714618 20
874.733639505 3 10082.510332981432 686.5619550740552 20
892.13133265 3 9990.87336855 717.29684771 20
919.12700135 3 9848.68203825 764.987594534 20
946.122670049 3 9706.49070795 812.678341358 20
949.924914546 3 9686.463561774375 819.3954144438229 20
973.118338749 3 9564.43509224 860.771524043 20
1000.11400745 3 9422.40172508 908.930680581 20
1012.75399773 3 9355.898450059125 931.4799005014033 20
1027.10967615 3 9280.22900431 956.675111392 20
1054.10534485 3 9137.93358447 1004.05438153 20
1073.52548516 3 9035.56912558168 1038.1380741389187 20
1081.10101355 3 8993.48286962 1038.17098166 20
1108.09668225 3 8843.50697825 1038.28824881 20
1135.09235095 3 8693.53108688 1038.40551596 20
1145.19933437 3 8637.381196115564 1038.4494199336066 20
1162.08801965 3 8543.56317076 1039.67493682 20
1189.08368835 3 8393.60002741 1041.63386065 20
1202.50969164 3 8319.017483137823 1042.6081101901214 20
1216.07935705 3 8243.63300331 1043.22819232 20
1243.07502575 3 8093.66213955 1044.46179178 20
1270.07069444 3 7943.69127579 1045.69539124 20
1272.34688682 3 7931.046190379419 1045.799404584585 20
1297.06636314 3 7793.71604461 1046.07585917 20
1324.06203184 3 7643.74041127 1046.37776996 20
1329.01976766 3 7616.197490349597 1046.4332156667551 20
1351.05770054 3 7493.76452986 1046.43321567 20
1378.05336924 3 7343.78859264 1046.43321567 20
1385.97974065 3 7299.753195926827 1046.4332156667551 20
1405.04903794 3 7202.14869195 1005.24148194 20
1432.04470664 3 7063.97376014 946.927933218 20
1443.92691411 3 7003.1557369080065 921.2610867430484 20
1459.04037534 3 6925.96654843 888.219784503 20
1486.03604404 3 6788.0911983 829.201401166 20
1503.37418973 3 6699.539848290882 791.296456480657 20
1513.03171274 3 6650.07256737 770.520932476 20
1540.02738144 3 6511.79670449 712.447121769 20
1567.02305014 3 6373.52084161 654.373311061 20
1578.4835807 3 6314.818285658059 629.7191085735491 20
1594.01871884 3 6235.3984392 595.936429915 20
1621.01438754 3 6097.38924713 537.231705653 20
1648.01005624 3 5959.38005506 478.526981392 20
1660.85974203 3 5893.6889705327185 450.58408174911244 20
1675.00572494 3 5820.65870292 421.553433394 20
1702.00139364 3 5681.290451 366.152421654 20
1709.09868023 3 5644.64989077649 351.5872385576581 20
1728.99706234 3 5542.32479293 309.752828158 20
1755.99273104 3 5403.50273065 252.997063953 20
1782.98839974 3 5264.68066837 196.241299749 20
1802.35865511 3 5165.071400437029 155.5172244052681 20
1809.98406844 3 5125.83211429 139.550486776 20
1836.97973714 3 4986.9162651 83.0246644587 20
1863.97540584 3 4848.00041591 26.498842141 20
1876.63075403 3 4782.8778045506915 0.0 20
1890.97107454 3 4706.89629695 23.9556254536 20
1917.96674324 3 4563.86102758 69.052116009 20
1923.4648506 3 4534.729566660133 78.2367503872626 20
1944.96241194 3 4420.5330426 113.206635806 20
1964.88890317 3 4314.682150943516 145.62087593360542 20
1971.95808064 3 4292.54424725 178.060020452 20
1998.95374934 3 4208.00435321 301.938138215 20
2025.94941804 3 4123.46445916 425.816255976 20
2027.72663165 3 4117.8989200176575 433.9715597082463 20
2052.94508674 3 4038.02654235 549.076388906 20
2079.94075544 3 3952.52533941 672.29297075 20
2093.54742352 3 3909.430037630317 734.3980125165742 20
2106.93642413 3 3867.43273956 795.79107188 20
2133.93209283 3 3782.75538553 919.57526901 20
2149.25236984 3 3734.7002499346418 989.8238785117711 20
2160.92776153 3 3669.92537485 993.209374631 20
2187.92343023 3 3520.15386282 1001.03726889 20
2188.28986018 3 3518.120915712575 1001.14352204413 20
2209.70564445 3 3399.431533845441 1009.405305093978 20
2214.91909893 3 3370.5633437 1011.75473214 20
2241.91476763 3 3221.08163241 1023.92024626 20
2252.46657601 3 3162.653653063745 1028.6753858814973 20
2268.91043633 3 3121.1441967 1110.0551179 20
2295.90610503 3 3052.99866944 1243.65515106 20
2311.98990919 3 3012.3981076576983 1323.2529855483135 20
2322.90177373 3 2984.9094085 1377.28384713 20
2349.89744243 3 2916.90308265 1510.95479158 20
2365.92143666 3 2876.5361265667384 1590.298721377763 20
2376.89311113 3 2848.25498935 1644.29443009 20
2393.58136277 3 2805.238516714767 1726.4235505759582 20
2403.88877983 3 2750.61445779 1743.60820602 20
2430.88444853 3 2607.55116756 1788.61572464 20
2457.88011723 3 2464.48787733 1833.62324326 20
2470.64089275 3 2396.8622684547645 1854.8981688212823 20
2484.87578593 3 2322.11841288 1880.73294762 20
2511.87145463 3 2180.37092394 1929.72714243 20
2538.86712333 3 2038.62343501 1978.72133725 20
2539.91061061 3 2033.1443448661437 1980.6151528855935 20
2565.86279202 3 1896.11499023 2025.45350918 20
2592.85846072 3 1753.57594887 2072.09472951 20
2603.29133484 3 1698.4896351769519 2090.1199166452916 20
2619.85412942 3 1672.07053606 2178.26121306 20
2646.84979812 3 1629.01009458 2321.92255137 20
2669.27725544 3 1593.236347903503 2441.273494988709 20
2673.84546682 3 1585.9776259 2465.5922566 20
2700.84113552 3 1543.08248865 2609.30303889 20
2727.83680423 3 1500.1873514 2753.01382118 20
2737.24986598 3 1485.2303380959534 2803.1240252755038 20
2754.83247292 3 1405.74122696 2859.89627393 20
2781.82814162 3 1283.69665665 2947.06223405 20
2808.82381032 3 1161.65208634 3034.22819417 20
2816.34601213 3 1127.645005518394 3058.516532792713 20
2835.81947902 3 1040.32815972 3122.39112305 20
2862.81514772 3 919.28260301 3210.93916056 20
2889.26837329 3 800.6693005930807 3297.7079394977077 20
2889.81081642 3 798.230416179 3299.47809904 20
2916.80648512 3 676.854899337 3387.57330695 20
2943.80215382 3 555.479382495 3475.66851486 20
2963.21639102 3 468.190821512981 3539.0231693015453 20
2970.79782252 3 427.507117518 3528.1212532 20
2997.79349122 3 282.642154521 3489.30213109 20
3024.78915992 3 137.777191525 3450.48300898 20
3025.59639666 3 133.44537365811252 3449.322221977572 20
3051.78482862 3 0.0 3507.2881372372763 20
1.19608190631 3 1585.9776259 2465.5922566 10
55.1874193068 3 1543.08248865 2609.30303889 10
109.178756707 3 1500.1873514 2753.01382118 10
128.004880214 3 1485.2303380959534 2803.1240252755038 10
163.170094105 3 1405.74122696 2859.89627393 10
217.161431505 3 1283.69665665 2947.06223405 10
271.152768905 3 1161.65208634 3034.22819417 10
286.197172519 3 1127.645005518394 3058.516532792713 10
325.144106306 3 1040.32815972 3122.39112305 10
379.135443706 3 919.28260301 3210.93916056 10
432.041894839 3 800.6693005930807 3297.7079394977077 10
433.126781105 3 798.230416179 3299.47809904 10
487.118118505 3 676.854899337 3387.57330695 10
541.109455905 3 555.479382495 3475.66851486 10
579.937930292 3 468.190821512981 3539.0231693015453 10
595.100793303 3 427.507117518 3528.1212532 10
649.092130703 3 282.642154521 3489.30213109 10
703.083468102 3 137.777191525 3450.48300898 10
704.697941575 3 133.44537365811252 3449.322221977572 10
757.074805501 3 0.0 3507.2881372372763 10
